19.687950225627 3.0
19.002606096175768 -0.6853441294512308
20.070737435581854 1.0681313394060865
22.28798954272368 2.2172521071418245
19.081369030684645 -3.2066205120390343
17.64646673889403 -1.434902291790614
17.007727997614122 -0.6387387412799086
22.204291883871903 5.196563886257781
18.432421273861724 -3.771870610010179
20.07575675878601 1.643335484924286
18.44120768930728 -1.6345490694787301
18.49896969267364 0.05776200336635995
20.186369930176376 1.687400237502736
19.840313437279114 -0.3460564928972616
17.946368465212885 -1.8939449720662296
19.39518754315314 1.4488190779402537
19.359142262213773 -0.036045280939365654
18.166321261973355 -1.1928210002404178
19.734639841668702 1.5683185796953474
21.063372116394447 1.3287322747257448
21.2196415968221 0.1562694804276532
18.843299342642144 -2.3763422541799564
20.055581243255233 1.212281900613089
21.070401284847538 1.014820041592305
21.609355091666295 0.5389538068187569
17.09520827271629 -4.514146818950003
21.318400211763258 4.223191939046966
19.632288809392403 -1.6861114023708552
20.256702543807002 0.624413734414599
19.98613617058148 -0.27056637322552035
