20.288504439137615 3.0
21.893584341079077 1.6050799019414619
19.63038299990585 -2.2632013411732252
21.477831811714832 1.847448811808981
22.160441534097558 0.6826097223827254
18.676294304498008 -3.48414722959955
18.169350943211146 -0.5069433612868615
20.636315973265784 2.466965030054638
22.97702513743126 2.3407091641654745
20.165238065614776 -2.8117870718164824
18.649117256930634 -1.5161208086841427
21.12514290935623 2.476025652425598
17.25276473090235 -3.872378178453882
20.07189078453765 2.8191260536353013
22.928432798705234 2.8565420141675837
17.048395098125425 -5.880037700579809
