0.6461601234828398
0.7621476531840171
0.721104385566565
0.9375677100141088
0.15452522971275107
0.5460351385582282
0.5142189550165578
0.2289801499189139
0.4546964301766394
0.8631271691659991
0.4311112010503729
0.3410420878378385
0.8791777022791277
1.3089965017560736
1.4886699553607716
2.890612643909508
2.926000262859508
2.302472270774774
2.484855341849289
2.3365721572664944
2.2263907745890923
2.6092253300446893
2.541154682033409
2.3124062673218697
2.0684557229888174
2.647909247912879
2.155659453081737
2.763943498626695
2.6558671899428514
2.575469388134512
2.7392061402770453
2.4518479288061155
2.437762521940931
2.157021578082706
2.029874711557556
2.27788106965229
3.78454625035712
3.465741477695591
3.485240872235821
3.3246124420442706
3.004009972592086
3.5294938307246846
3.737129327315587
3.460171752310044
3.1931615282189867
4.143470835909795
5.460216715554839
5.85279949493238
5.7033823988676495
5.201897224186844
5.553684936877507
5.764367497249983
5.0600079352548235
5.0668991895638165
5.364226767899816
5.547704374361911
5.022152062676532
5.688922860702373
5.78905711150059
5.859475192771194
6.09457464497443
6.420627782494906
6.489185566475462
6.718528702013773
6.21061594979141
6.724969011203834
6.1160562521408535
6.189039612436571
6.493699846935268
7.268221489310292
7.408763852974257
7.148437216786123
7.974632759960695
7.209988572208189
7.254405206167987
7.812025858799976
7.892903836437561
7.8547762214335055
7.320728044792815
7.429367134940753
8.742416047932135
8.213503133656527
8.668089765784803
8.841907053882267
8.535556559556131
8.43835613327933
8.826840775496903
8.396996131039849
8.854240091641975
9.540689697986258
9.186598360840868
9.050364163246217
9.13253576694247
9.279206558939123
9.18547884143916
9.357275299394521
9.272714709921052
9.614446541473733
9.710207098542485
9.45200366705391
9.1350322911837
