0.34947906252089245
0.5347712992521104
1.1345318911339746
1.307510563484351
1.531755842651389
1.5452125369438618
1.1993079168470477
2.8240904679513865
2.2097697481340135
2.654599855941214
2.046668485659006
3.996567807486436
3.0713965292355416
3.4811888319508526
3.63156230704833
3.6406733979941532
3.9086882310332256
3.591390785464675
3.1717176646199254
3.792223934418799
3.813978880070894
3.8090922281514614
3.6716793830831325
3.952362740023788
4.933898425704671
4.349949579297604
4.00525687028186
4.499709548103234
5.036451907414711
5.775317964652169
5.323748646163493
5.295817560241582
5.241048526643961
5.206763181693861
5.917658765148033
6.8472488095699235
6.137340522843957
6.719644166495455
6.301223254723922
6.255744382216818
6.175959673965178
6.343042284729663
7.211915362880673
7.587378742283008
7.652714676021328
7.633353701555682
7.421200591568257
7.222252778613044
7.827539836512969
8.36014898191536
8.738163853266853
8.208192866073329
9.720461998625703
9.445444136279606
9.354232382917385
9.63508866380033
9.909079008169224
9.931315772224423
9.72507022157736
9.570915372350806
9.215519715724994
9.415832372579073
