0.05066292381995541
0.172570570600857
0.7852841607696307
0.8610499013233742
1.3114850189740648
1.365001379610359
1.5502771449558803
2.0123210330957226
2.0156829862707575
2.062155429428907
2.0730296150813685
2.1153485395023273
2.1753942686761447
2.1822151538800503
2.543029709655759
2.8462783256708715
2.846357120571012
3.0593867288988075
3.176808610275113
3.4176206073137916
3.5238496447742738
3.5394322623974923
4.069441490620258
4.396261884791469
4.963255192872101
5.153529333023183
5.569282779193496
5.651210687387795
6.070305829872949
6.2653983151791355
6.4929333399044165
6.666132486921556
6.76611775593525
6.964693959075607
6.993336173646966
7.251834039142793
7.254004212999694
7.28044614238848
7.512738674191082
7.544117393041396
7.782431338043792
7.894753697005952
7.994590028002877
8.079180384897537
8.140563661448985
8.335562246367545
8.643090010666338
9.264494144143768
9.328330484620167
9.469461480843734
9.507879026282742
9.993127338671908
9.993740816238386
